688406562 0
692081440 0
688406562 1
692081440 1
688406562 2
692081440 2
688406562 3
692081440 3
688406562 4
692081440 4
688406562 5
692081440 5
688406562 6
692081440 6
688406562 7
692081440 7
688406562 8
692081440 8
688406562 9
692081440 9
688406562 10
692081440 10
688406562 11
692081440 11
688406562 12
692081440 12
688406562 13
692081440 13
688406562 14
692081440 14
688406562 15
692081440 15
688406562 16
692081440 16
688406562 17
692081440 17
688406562 18
692081440 18
688406562 19
692081440 19
688406562 20
692081440 20
688406562 21
692081440 21
688406562 22
692081440 22
688406562 23
692081440 23
688406562 24
692081440 24
688406562 25
692081440 25
688406562 26
692081440 26
688406562 27
692081440 27
688406562 28
692081440 28
688406562 29
692081440 29
688406562 30
692081440 30
688406562 31
692081440 31
688406562 32
692081440 32
688406562 33
692081440 33
688406562 34
692081440 34
688406562 35
692081440 35
688406562 36
692081440 36
688406562 37
692081440 37
688406562 38
692081440 38
688406562 39
692081440 39
688406562 40
692081440 40
688406562 41
692081440 41
688406562 42
692081440 42
688406562 43
692081440 43
688406562 44
692081440 44
688406562 45
692081440 45
688406562 46
692081440 46
688406562 47
692081440 47
688406562 48
692081440 48
688406562 49
692081440 49
688406562 50
692081440 50
688406562 51
692081440 51
688406562 52
692081440 52
688406562 53
692081440 53
688406562 54
692081440 54
688406562 55
692081440 55
688406562 56
692081440 56
688406562 57
692081440 57
688406562 58
692081440 58
688406562 59
692081440 59
688406562 60
692081440 60
688406562 61
692081440 61
688406562 62
692081440 62
688406562 63
692081440 63
688406562 64
692081440 64
688406562 65
692081440 65
688406562 66
692081440 66
688406562 67
692081440 67
688406562 68
692081440 68
688406562 69
692081440 69
688406562 70
692081440 70
688406562 71
692081440 71
688406562 72
692081440 72
688406562 73
692081440 73
688406562 74
692081440 74
688406562 75
692081440 75
688406562 76
692081440 76
688406562 77
692081440 77
688406562 78
692081440 78
688406562 79
692081440 79
688406562 80
692081440 80
688406562 81
692081440 81
688406562 82
692081440 82
688406562 83
692081440 83
688406562 84
692081440 84
688406562 85
692081440 85
688406562 86
692081440 86
688406562 87
692081440 87
688406562 88
692081440 88
688406562 89
692081440 89
688406562 90
692081440 90
688406562 91
692081440 91
688406562 92
692081440 92
688406562 93
692081440 93
688406562 94
692081440 94
688406562 95
692081440 95
688406562 96
692081440 96
688406562 97
692081440 97
688406562 98
692081440 98
688406562 99
692081440 99
688406562 100
692081440 100
688406562 101
692081440 101
688406562 102
692081440 102
688406562 103
692081440 103
688406562 104
692081440 104
688406562 105
692081440 105
688406562 106
692081440 106
688406562 107
692081440 107
688406562 108
692081440 108
688406562 109
692081440 109
688406562 110
692081440 110
688406562 111
692081440 111
688406562 112
692081440 112
688406562 113
692081440 113
688406562 114
692081440 114
688406562 115
692081440 115
688406562 116
692081440 116
688406562 117
692081440 117
688406562 118
692081440 118
688406562 119
692081440 119
688406562 120
692081440 120
688406562 121
692081440 121
688406562 122
692081440 122
688406562 123
692081440 123
688406562 124
692081440 124
688406562 125
692081440 125
688406562 126
692081440 126
688406562 127
692081440 127
688406562 128
692081440 128
688406562 129
692081440 129
688406562 130
692081440 130
688406562 131
692081440 131
688406562 132
692081440 132
688406562 133
692081440 133
688406562 134
692081440 134
688406562 135
692081440 135
688406562 136
692081440 136
688406562 137
692081440 137
688406562 138
692081440 138
688406562 139
692081440 139
688406562 140
692081440 140
688406562 141
692081440 141
688406562 142
692081440 142
688406562 143
692081440 143
688406562 144
692081440 144
688406562 145
692081440 145
688406562 146
692081440 146
688406562 147
692081440 147
688406562 148
692081440 148
688406562 149
692081440 149
688406562 150
692081440 150
688406562 151
692081440 151
688406562 152
692081440 152
688406562 153
692081440 153
688406562 154
692081440 154
688406562 155
692081440 155
688406562 156
692081440 156
688406562 157
692081440 157
688406562 158
692081440 158
688406562 159
692081440 159
688406562 160
692081440 160
688406562 161
692081440 161
688406562 162
692081440 162
688406562 163
692081440 163
688406562 164
692081440 164
688406562 165
692081440 165
688406562 166
692081440 166
688406562 167
692081440 167
688406562 168
692081440 168
688406562 169
692081440 169
688406562 170
692081440 170
688406562 171
692081440 171
688406562 172
692081440 172
688406562 173
692081440 173
688406562 174
692081440 174
688406562 175
692081440 175
688406562 176
692081440 176
688406562 177
692081440 177
688406562 178
692081440 178
688406562 179
692081440 179
688406562 180
692081440 180
688406562 181
692081440 181
688406562 182
692081440 182
688406562 183
692081440 183
688406562 184
692081440 184
688406562 185
692081440 185
688406562 186
692081440 186
688406562 187
692081440 187
688406562 188
692081440 188
688406562 189
692081440 189
688406562 190
692081440 190
688406562 191
692081440 191
688406562 192
692081440 192
688406562 193
692081440 193
688406562 194
692081440 194
688406562 195
692081440 195
688406562 196
692081440 196
688406562 197
692081440 197
688406562 198
692081440 198
688406562 199
692081440 199
688406562 200
692081440 200
688406562 201
692081440 201
688406562 202
692081440 202
688406562 203
692081440 203
688406562 204
692081440 204
688406562 205
692081440 205
688406562 206
692081440 206
688406562 207
692081440 207
688406562 208
692081440 208
688406562 209
692081440 209
688406562 210
692081440 210
688406562 211
692081440 211
688406562 212
692081440 212
688406562 213
692081440 213
688406562 214
692081440 214
688406562 215
692081440 215
688406562 216
692081440 216
688406562 217
692081440 217
688406562 218
692081440 218
688406562 219
692081440 219
688406562 220
692081440 220
688406562 221
692081440 221
688406562 222
692081440 222
688406562 223
692081440 223
688406562 224
692081440 224
688406562 225
692081440 225
688406562 226
692081440 226
688406562 227
692081440 227
688406562 228
692081440 228
688406562 229
692081440 229
688406562 230
692081440 230
688406562 231
692081440 231
688406562 232
692081440 232
688406562 233
692081440 233
688406562 234
692081440 234
688406562 235
692081440 235
688406562 236
692081440 236
688406562 237
692081440 237
688406562 238
692081440 238
688406562 239
692081440 239
688406562 240
692081440 240
688406562 241
692081440 241
688406562 242
692081440 242
688406562 243
692081440 243
688406562 244
692081440 244
688406562 245
692081440 245
688406562 246
692081440 246
688406562 247
692081440 247
688406562 248
692081440 248
688406562 249
692081440 249
688406562 250
692081440 250
688406562 251
692081440 251
688406562 252
692081440 252
688406562 253
692081440 253
688406562 254
692081440 254
688406562 255
692081440 255
688406562 256
692081440 256
688406562 257
692081440 257
688406562 258
692081440 258
688406562 259
692081440 259
688406562 260
692081440 260
688406562 261
692081440 261
688406562 262
692081440 262
688406562 263
692081440 263
688406562 264
692081440 264
688406562 265
692081440 265
688406562 266
692081440 266
688406562 267
692081440 267
688406562 268
692081440 268
688406562 269
692081440 269
688406562 270
692081440 270
688406562 271
692081440 271
688406562 272
692081440 272
688406562 273
692081440 273
688406562 274
692081440 274
688406562 275
692081440 275
688406562 276
692081440 276
688406562 277
692081440 277
688406562 278
692081440 278
688406562 279
692081440 279
688406562 280
692081440 280
688406562 281
692081440 281
688406562 282
692081440 282
688406562 283
692081440 283
688406562 284
692081440 284
688406562 285
692081440 285
688406562 286
692081440 286
688406562 287
692081440 287
688406562 288
692081440 288
688406562 289
692081440 289
688406562 290
692081440 290
688406562 291
692081440 291
688406562 292
692081440 292
688406562 293
692081440 293
688406562 294
692081440 294
688406562 295
692081440 295
688406562 296
692081440 296
688406562 297
692081440 297
688406562 298
692081440 298
688406562 299
692081440 299
688406562 300
692081440 300
688406562 301
692081440 301
688406562 302
692081440 302
688406562 303
692081440 303
688406562 304
692081440 304
688406562 305
692081440 305
688406562 306
692081440 306
688406562 307
692081440 307
688406562 308
692081440 308
688406562 309
692081440 309
688406562 310
692081440 310
688406562 311
692081440 311
688406562 312
692081440 312
688406562 313
692081440 313
688406562 314
692081440 314
688406562 315
692081440 315
688406562 316
692081440 316
688406562 317
692081440 317
688406562 318
692081440 318
688406562 319
692081440 319
688406562 320
692081440 320
688406562 321
692081440 321
688406562 322
692081440 322
688406562 323
692081440 323
688406562 324
692081440 324
688406562 325
692081440 325
688406562 326
692081440 326
688406562 327
692081440 327
688406562 328
692081440 328
688406562 329
692081440 329
688406562 330
692081440 330
688406562 331
692081440 331
688406562 332
692081440 332
688406562 333
692081440 333
688406562 334
692081440 334
688406562 335
692081440 335
688406562 336
692081440 336
688406562 337
692081440 337
688406562 338
692081440 338
688406562 339
692081440 339
688406562 340
692081440 340
688406562 341
692081440 341
688406562 342
692081440 342
688406562 343
692081440 343
688406562 344
692081440 344
688406562 345
692081440 345
688406562 346
692081440 346
688406562 347
692081440 347
688406562 348
692081440 348
688406562 349
692081440 349
688406562 350
692081440 350
688406562 351
692081440 351
688406562 352
692081440 352
688406562 353
692081440 353
688406562 354
692081440 354
688406562 355
692081440 355
688406562 356
692081440 356
688406562 357
692081440 357
688406562 358
692081440 358
688406562 359
692081440 359
688406562 360
692081440 360
688406562 361
692081440 361
688406562 362
692081440 362
688406562 363
692081440 363
688406562 364
692081440 364
688406562 365
692081440 365
688406562 366
692081440 366
688406562 367
692081440 367
688406562 368
692081440 368
688406562 369
692081440 369
688406562 370
692081440 370
688406562 371
692081440 371
688406562 372
692081440 372
688406562 373
692081440 373
688406562 374
692081440 374
688406562 375
692081440 375
688406562 376
692081440 376
688406562 377
692081440 377
688406562 378
692081440 378
688406562 379
692081440 379
688406562 380
692081440 380
688406562 381
692081440 381
688406562 382
692081440 382
688406562 383
692081440 383